Task 3 Results - Variant 16 (sin x)
==================================================

x, F(x) series, math.sin(x), error
-6.2832, 0.001048, 0.000000, 1.048183e-03
-6.1563, 0.127277, 0.126592, 6.848425e-04
-6.0293, 0.251591, 0.251148, 4.434481e-04
-5.9024, 0.371947, 0.371662, 2.844644e-04
-5.7755, 0.486377, 0.486197, 1.807051e-04
-5.6485, 0.593022, 0.592908, 1.136272e-04
-5.5216, 0.690150, 0.690079, 7.069084e-05
-5.3947, 0.776190, 0.776146, 4.349093e-05
-5.2677, 0.849752, 0.849725, 2.644594e-05
-5.1408, 0.909648, 0.909632, 1.588538e-05
-5.0139, 0.954912, 0.954902, 9.419974e-06
-4.8869, 0.984813, 0.984808, 5.510988e-06
-4.7600, 0.998871, 0.998867, 3.178551e-06
-4.6331, 0.996857, 0.996855, 1.805993e-06
-4.5061, 0.978803, 0.978802, 1.010018e-06
-4.3792, 0.945001, 0.945001, 5.554914e-07
-4.2523, 0.895994, 0.895994, 3.001472e-07
-4.1253, 0.832570, 0.832570, 1.591604e-07
-3.9984, 0.755750, 0.755750, 8.273166e-08
-3.8715, 0.666769, 0.666769, 4.210041e-08

Statistical Analysis of F(x) Series Values:
mean: 0.000000
median: 0.000000
mode: -0.999874
variance: 0.500024
std_dev: 0.707124
